$ANSIBLE_VAULT;1.1;AES256
32346137323530663732386531343032366637326131333738613165363834616137653764316666
3434393938663633393130666235643761386233306138660a396564636431616635643039373233
32323336633066316637346532623534623236336364336331656332343231316331333837366464
6433386437316265310a303761346666646333633334383566623739613839326666643861376264
33363261643939663438613564616561353764333038323365316136353230633936343762373065
33316637353538366431626362303538643766663339313831653730326262643564633662636662
66363666373835343262333461616233616230616231613536376666656561356132323430363966
62373366386437393330653936323066636661353136316633633662323164316135386361323237
61663031356532363264323631363535636130633534383961336438613031373237353231656166
34386432636437636563663432383734393237383061333431623130353632623037646338343964
61396461373032336630646130326566653931663866303430653436383962336261393032376665
32393265623839616439363938663431366564356262333966626232396162393437306337323439
66313863633033393438353334393762363131366534633133306137316465613364613136643961
39663432616663383134623733393431663334366131633935303238373730316164383062643235
61643737373937303535393434623932356136303966376463333966316664313262393034333663
63636134626663373533623436373663643964373332356534653537343038343566363038646337
64393738363235653565663034326339353763353064613538376337636630323966633835373862
36316265623461343833623761616162623265373262393065353033353931343963663430616465
36346666643634303263316437333162633731336136333665626535326239626434303236653336
36636664666465646536643939346237646362393539353363636333623938353932326634383065
37623462303333323332306230323336656638396565643039303062356363336338646562663665
35663534313032623233616164373138626531353431653133653163333365336137613966613239
34376333653565313237643739306430376539636635653362386636313230656662316537353738
61316534373935666438626331376565353533323431316132393631623765653064316361663865
65643839363430666466306562373230666237636638353237616539356535366130333937666133
63336364376335353137343566393430356161346539346432633331303839636261396538616664
33363033353863663332623463316461323631623531303030643230633461376336646636313563
62373564313461386133
